70
71
-72
-73
74
79
81
82
83
84
85
88
89
90
91
92
-95
96
97
98
100
101
102
103
110
111
112
113
129
130
132
133
135
136
137
138
139
140
-141
142
143
144
145
150
151
152
153
154
155
156
157
158
159
-160
161
162
163
164
165
166
167
168
169
170
171
181
182
183
195
196
197
198
200
201
204
205
206
207
209
210
212
213
214
215
216
219
220
221
223
225
226
227
230
231
232
233
234
235
236
237
242
243
244
245
246
247
248
249
250
251
257
258
262
264
265
266
267
269
270
275
276
277
278
279
280
281
282
283
286
287
288
289
290
297
298
299
304
309
310
311
312
313
314
315
316
318
322
323
324
326
327
328
329
330
331
332
333
334
335
340
341
342
343
344
345
346
347
352
353
354
355
356
357
358
360
361
363
364
365
366
368
369
370
371
372
373
374
375
376
377
378
379
380
381
382
383
384
385
386
