Run#      Cutlow:Cuthigh      Cutlow:Cuthigh      ---      /
------------------------------------------------------------
71         2961 3389              3390 3448                /
72            1 118                   /
74          315 392               5316 5536            5841 6000              /
95          500 3193                  /
110           1 1733                  /
111           1 800                   /
112           1 800                   /
113           1 1796                  /
129           1 1000                  /
130           1 965                   /
132           1 1606                  /
133           1 1000                  /
142           1 5525                  /
150        1984 3598              8486 11993               /
151         436  715              4321 7155                /
164           1 1606                  / 
165           1 750                   /
179       13395 60000                 /
195           1 1026                  /
214        6442 60000                 /
223        6870 12933                 /
231        1470 2467                  /
248        9335 22832                 /
264           1 2963                  /
266           0 500                501 1555               /
267           0 167                   /
275       27512 60000                 /
276       29089 60000                 /
281           1 2073                  /
282           1 2073                  /
286           1 810                   /
304           1 1612              2331 3070             13250 60000              /
309           1 1582                  /
313       15436 60000                 /
327       11745 15323                 /
333       22618 60000                 /
340        2192 2935              4379 5117              8751 60000              /
341        6771 60000n                /
345           1 2609                  /
360       40850 60000                 /
371           1 2156                  /
373           1 1502                  /
374           1 1538                  /
378           1 2061                  /
379       19035 60000                 /
381       21646 60000                 /
382       43800 55604                 /