//Use ( ) around a run number to exclude.
------------------------------------------
NON_COAT_CU
70
71
74
79
81
82
83
84
85
88
89
90
91
92
96
97
98
100
101
102
103
----
DLC_1
109
110
111
112
113
114
129
130
132
133
135
136
137
138
139
140
141
142
143
144
145
150
151
152
153
154
155
156
157
158
159
161
162
163
164
165
166
167
168
169
170
171
181
182
183
195
196
197
198
----
DLC_PSN_1a
110
111
112
113
129
130
132
133
134
----
DLC_PSN_1b
164
165
166
167
168
169
170
171
----
EP_CU_1
200
201
204
205
206
207
209
210
212
213
214
215
216
219
220
221
223
225
226
227
230
231
232
233
234
235
236
237
242
243
244
245
246
247
248
249
250
251
257
258
262
264
265
266
267
269
270
271
----
EP_CU_PSN_1
219
220
221
223
225
226
227
230
231
232
233
234
235
236
237
262
264
265
266
267
269
270
----
DLC_2
274
275
276
277
278
279
280
281
282
283
286
287
288
289
290
297
298
299
----
DLC_PSN_2
275
276
277
278
279
280
281
282
----
SS
304
309
310
311
312
313
314
315
316
319
322
323
324
326
327
328
329
330
331
332
333
334
----
MP_CU
340
341
342
343
344
345
346
347
352
353
354
355
356
357
358
360
361
363
364
365
366
369
370
371
372
373
----
MP_CU_PSN
341
342
343
344
345
346
347
364
365
366
368
369
370
371
372
373
368
369
370
371
372
373
----
EP_CU_2
374
375
376
377
378
379
380
381
382
383
384
385
386
----
EP_CU_PSN_2
374
375
376
377
378
379
----